5, 4
5, 5
5, 6
5, 7
5, 8
5, 9
5, 10
5, 11
5, 12
5, 13
5, 14
5, 15
5, 16
5, 17
5, 18
5, 19
5, 20
5, 21
5, 22
5, 23
5, 24
5, 25
5, 26
5, 27
5, 28
5, 29
5, 30
5, 31
5, 32
5, 33
5, 34
5, 35
5, 36
5, 37
5, 38
5, 39
5, 40
5, 41
5, 42
5, 43
5, 44
5, 45
5, 46
5, 47
5, 48
5, 49
5, 50
5, 51
5, 52
5, 53
6, 4
6, 53
7, 4
7, 53
8, 4
8, 15
8, 16
8, 17
8, 18
8, 19
8, 20
8, 21
8, 22
8, 23
8, 24
8, 25
8, 26
8, 27
8, 28
8, 29
8, 30
8, 31
8, 32
8, 33
8, 34
8, 35
8, 36
8, 37
8, 38
8, 39
8, 40
8, 41
8, 42
8, 43
8, 44
8, 45
8, 46
8, 47
8, 48
8, 49
8, 50
8, 51
8, 52
8, 53
8, 54
8, 55
8, 56
8, 57
8, 58
8, 59
8, 60
8, 61
8, 62
8, 63
8, 64
8, 65
8, 66
8, 67
8, 68
8, 69
8, 70
8, 71
8, 72
8, 73
8, 74
8, 75
8, 76
8, 77
8, 78
8, 79
8, 80
8, 81
8, 82
8, 83
8, 84
8, 85
8, 86
8, 87
8, 88
8, 89
8, 90
8, 91
8, 92
8, 93
8, 94
8, 95
8, 96
8, 97
8, 98
8, 99
8, 100
8, 101
8, 102
8, 103
8, 104
8, 105
8, 106
8, 107
8, 108
9, 4
9, 15
9, 53
9, 108
10, 4
10, 15
10, 53
10, 108
11, 4
11, 15
11, 53
11, 108
12, 4
12, 15
12, 53
12, 108
13, 4
13, 15
13, 30
13, 31
13, 32
13, 33
13, 34
13, 35
13, 36
13, 37
13, 38
13, 39
13, 40
13, 41
13, 42
13, 43
13, 44
13, 45
13, 46
13, 47
13, 48
13, 49
13, 50
13, 51
13, 52
13, 53
13, 54
13, 55
13, 56
13, 57
13, 58
13, 59
13, 60
13, 61
13, 62
13, 63
13, 64
13, 65
13, 66
13, 67
13, 68
13, 69
13, 70
13, 71
13, 72
13, 73
13, 108
14, 4
14, 15
14, 30
14, 53
14, 73
14, 108
15, 4
15, 15
15, 30
15, 53
15, 73
15, 108
16, 4
16, 15
16, 24
16, 25
16, 26
16, 27
16, 28
16, 29
16, 30
16, 31
16, 32
16, 33
16, 34
16, 35
16, 36
16, 37
16, 38
16, 39
16, 40
16, 41
16, 42
16, 43
16, 44
16, 45
16, 46
16, 47
16, 48
16, 49
16, 53
16, 73
16, 108
17, 4
17, 15
17, 24
17, 30
17, 49
17, 53
17, 62
17, 63
17, 64
17, 65
17, 66
17, 67
17, 68
17, 69
17, 70
17, 71
17, 72
17, 73
17, 74
17, 75
17, 76
17, 77
17, 78
17, 79
17, 80
17, 81
17, 82
17, 83
17, 84
17, 85
17, 86
17, 87
17, 88
17, 89
17, 90
17, 91
17, 92
17, 93
17, 94
17, 95
17, 96
17, 97
17, 98
17, 99
17, 100
17, 101
17, 102
17, 108
18, 4
18, 15
18, 24
18, 30
18, 49
18, 53
18, 62
18, 73
18, 102
18, 108
19, 4
19, 7
19, 8
19, 14
19, 15
19, 16
19, 17
19, 18
19, 19
19, 20
19, 21
19, 22
19, 23
19, 24
19, 25
19, 26
19, 27
19, 28
19, 29
19, 30
19, 31
19, 32
19, 33
19, 34
19, 35
19, 36
19, 37
19, 38
19, 39
19, 40
19, 41
19, 49
19, 53
19, 62
19, 73
19, 102
19, 108
20, 4
20, 7
20, 8
20, 9
20, 10
20, 11
20, 12
20, 13
20, 14
20, 15
20, 16
20, 17
20, 18
20, 19
20, 20
20, 21
20, 22
20, 23
20, 24
20, 25
20, 26
20, 27
20, 28
20, 29
20, 30
20, 31
20, 32
20, 33
20, 34
20, 35
20, 36
20, 37
20, 38
20, 39
20, 40
20, 41
20, 42
20, 43
20, 44
20, 45
20, 46
20, 47
20, 48
20, 49
20, 50
20, 51
20, 52
20, 53
20, 54
20, 55
20, 56
20, 57
20, 58
20, 59
20, 62
20, 73
20, 96
20, 97
20, 98
20, 99
20, 100
20, 101
20, 102
20, 103
20, 104
20, 105
20, 106
20, 107
20, 108
20, 109
20, 110
20, 111
20, 112
21, 4
21, 7
21, 8
21, 9
21, 14
21, 15
21, 24
21, 30
21, 41
21, 49
21, 53
21, 59
21, 62
21, 73
21, 96
21, 102
21, 108
21, 112
22, 4
22, 7
22, 8
22, 9
22, 14
22, 15
22, 24
22, 30
22, 41
22, 49
22, 53
22, 59
22, 62
22, 73
22, 78
22, 79
22, 80
22, 81
22, 82
22, 83
22, 84
22, 85
22, 86
22, 87
22, 88
22, 89
22, 90
22, 91
22, 92
22, 93
22, 94
22, 95
22, 96
22, 97
22, 98
22, 99
22, 100
22, 102
22, 108
22, 112
23, 4
23, 7
23, 8
23, 9
23, 14
23, 15
23, 24
23, 30
23, 41
23, 49
23, 53
23, 59
23, 62
23, 73
23, 78
23, 96
23, 100
23, 102
23, 108
23, 112
24, 4
24, 7
24, 8
24, 9
24, 14
24, 15
24, 24
24, 30
24, 41
24, 49
24, 53
24, 59
24, 62
24, 73
24, 78
24, 96
24, 100
24, 102
24, 108
24, 112
25, 4
25, 7
25, 8
25, 9
25, 14
25, 15
25, 24
25, 30
25, 41
25, 49
25, 53
25, 59
25, 62
25, 72
25, 73
25, 74
25, 75
25, 76
25, 77
25, 78
25, 79
25, 80
25, 81
25, 82
25, 83
25, 84
25, 85
25, 86
25, 87
25, 88
25, 89
25, 90
25, 91
25, 92
25, 93
25, 94
25, 95
25, 96
25, 97
25, 98
25, 99
25, 100
25, 101
25, 102
25, 103
25, 104
25, 108
25, 112
26, 4
26, 7
26, 8
26, 9
26, 14
26, 15
26, 24
26, 30
26, 37
26, 38
26, 39
26, 40
26, 41
26, 42
26, 43
26, 44
26, 45
26, 46
26, 47
26, 48
26, 49
26, 50
26, 51
26, 52
26, 53
26, 54
26, 55
26, 56
26, 57
26, 59
26, 62
26, 72
26, 73
26, 78
26, 96
26, 100
26, 102
26, 104
26, 108
26, 112
27, 4
27, 7
27, 8
27, 9
27, 14
27, 15
27, 24
27, 30
27, 37
27, 41
27, 49
27, 53
27, 57
27, 59
27, 62
27, 72
27, 73
27, 78
27, 96
27, 100
27, 102
27, 104
27, 108
27, 112
28, 4
28, 5
28, 6
28, 7
28, 8
28, 9
28, 14
28, 15
28, 24
28, 25
28, 26
28, 27
28, 28
28, 29
28, 30
28, 31
28, 32
28, 33
28, 34
28, 35
28, 36
28, 37
28, 38
28, 39
28, 40
28, 41
28, 49
28, 53
28, 57
28, 59
28, 62
28, 72
28, 73
28, 78
28, 96
28, 100
28, 102
28, 104
28, 108
28, 112
29, 1
29, 2
29, 3
29, 4
29, 5
29, 6
29, 7
29, 9
29, 14
29, 15
29, 30
29, 37
29, 49
29, 53
29, 57
29, 59
29, 62
29, 72
29, 73
29, 78
29, 96
29, 100
29, 102
29, 104
29, 108
29, 112
30, 1
30, 7
30, 9
30, 14
30, 15
30, 30
30, 37
30, 44
30, 45
30, 46
30, 47
30, 48
30, 49
30, 50
30, 51
30, 52
30, 53
30, 54
30, 55
30, 56
30, 57
30, 58
30, 59
30, 60
30, 61
30, 62
30, 63
30, 64
30, 65
30, 66
30, 67
30, 68
30, 69
30, 70
30, 71
30, 72
30, 73
30, 74
30, 75
30, 76
30, 77
30, 78
30, 79
30, 80
30, 81
30, 82
30, 83
30, 96
30, 100
30, 102
30, 104
30, 108
30, 112
31, 1
31, 7
31, 9
31, 14
31, 15
31, 30
31, 37
31, 44
31, 49
31, 53
31, 57
31, 59
31, 62
31, 72
31, 73
31, 78
31, 83
31, 96
31, 100
31, 102
31, 104
31, 108
31, 112
32, 1
32, 7
32, 9
32, 14
32, 15
32, 30
32, 37
32, 44
32, 49
32, 53
32, 57
32, 59
32, 62
32, 71
32, 72
32, 73
32, 74
32, 75
32, 76
32, 77
32, 78
32, 79
32, 80
32, 81
32, 82
32, 83
32, 84
32, 85
32, 86
32, 87
32, 88
32, 89
32, 90
32, 91
32, 92
32, 93
32, 94
32, 95
32, 96
32, 97
32, 98
32, 99
32, 100
32, 101
32, 102
32, 103
32, 104
32, 105
32, 106
32, 108
32, 112
33, 1
33, 7
33, 9
33, 14
33, 15
33, 27
33, 28
33, 29
33, 30
33, 31
33, 32
33, 33
33, 34
33, 35
33, 36
33, 37
33, 38
33, 39
33, 40
33, 41
33, 42
33, 43
33, 44
33, 45
33, 46
33, 47
33, 48
33, 49
33, 50
33, 51
33, 52
33, 53
33, 54
33, 55
33, 56
33, 57
33, 58
33, 59
33, 60
33, 61
33, 62
33, 63
33, 64
33, 65
33, 66
33, 67
33, 68
33, 69
33, 70
33, 71
33, 72
33, 73
33, 74
33, 75
33, 76
33, 78
33, 83
33, 96
33, 100
33, 102
33, 104
33, 106
33, 108
33, 112
34, 1
34, 7
34, 9
34, 14
34, 15
34, 27
34, 30
34, 37
34, 44
34, 49
34, 53
34, 57
34, 59
34, 62
34, 71
34, 72
34, 73
34, 76
34, 78
34, 83
34, 96
34, 100
34, 102
34, 104
34, 106
34, 108
34, 112
35, 1
35, 7
35, 9
35, 14
35, 15
35, 27
35, 30
35, 37
35, 44
35, 49
35, 53
35, 57
35, 59
35, 62
35, 69
35, 70
35, 71
35, 72
35, 73
35, 74
35, 75
35, 76
35, 77
35, 78
35, 79
35, 80
35, 81
35, 82
35, 83
35, 84
35, 85
35, 86
35, 87
35, 88
35, 89
35, 90
35, 91
35, 92
35, 93
35, 94
35, 95
35, 96
35, 97
35, 98
35, 99
35, 100
35, 101
35, 102
35, 103
35, 104
35, 105
35, 106
35, 107
35, 108
35, 109
35, 110
35, 111
35, 112
35, 113
35, 114
35, 115
35, 116
35, 117
35, 118
35, 119
35, 120
36, 1
36, 7
36, 9
36, 14
36, 15
36, 27
36, 30
36, 37
36, 44
36, 49
36, 53
36, 57
36, 59
36, 62
36, 69
36, 71
36, 72
36, 73
36, 76
36, 78
36, 83
36, 96
36, 100
36, 102
36, 104
36, 106
36, 108
36, 112
36, 120
37, 1
37, 7
37, 9
37, 14
37, 15
37, 27
37, 30
37, 37
37, 44
37, 49
37, 53
37, 57
37, 59
37, 62
37, 69
37, 71
37, 72
37, 73
37, 76
37, 78
37, 83
37, 96
37, 100
37, 102
37, 104
37, 106
37, 108
37, 112
37, 120
38, 1
38, 7
38, 9
38, 14
38, 15
38, 20
38, 21
38, 22
38, 23
38, 24
38, 25
38, 26
38, 27
38, 28
38, 29
38, 30
38, 31
38, 32
38, 33
38, 34
38, 35
38, 36
38, 37
38, 38
38, 39
38, 40
38, 41
38, 42
38, 43
38, 44
38, 45
38, 46
38, 49
38, 53
38, 57
38, 59
38, 62
38, 63
38, 64
38, 65
38, 66
38, 67
38, 68
38, 69
38, 70
38, 71
38, 72
38, 73
38, 74
38, 75
38, 76
38, 77
38, 78
38, 79
38, 80
38, 81
38, 82
38, 83
38, 96
38, 100
38, 102
38, 104
38, 106
38, 108
38, 112
38, 120
39, 1
39, 7
39, 9
39, 14
39, 15
39, 20
39, 27
39, 30
39, 37
39, 44
39, 46
39, 49
39, 53
39, 55
39, 56
39, 57
39, 58
39, 59
39, 60
39, 61
39, 62
39, 63
39, 64
39, 65
39, 66
39, 67
39, 68
39, 69
39, 70
39, 71
39, 72
39, 73
39, 74
39, 75
39, 76
39, 77
39, 78
39, 79
39, 80
39, 96
39, 100
39, 102
39, 104
39, 106
39, 108
39, 112
39, 120
40, 1
40, 7
40, 9
40, 14
40, 15
40, 20
40, 27
40, 30
40, 37
40, 44
40, 46
40, 49
40, 53
40, 55
40, 57
40, 59
40, 69
40, 71
40, 72
40, 73
40, 76
40, 78
40, 80
40, 96
40, 100
40, 102
40, 104
40, 106
40, 108
40, 112
40, 120
41, 1
41, 7
41, 9
41, 14
41, 15
41, 20
41, 27
41, 30
41, 37
41, 41
41, 42
41, 43
41, 44
41, 45
41, 46
41, 47
41, 48
41, 49
41, 50
41, 51
41, 52
41, 53
41, 54
41, 55
41, 56
41, 57
41, 58
41, 59
41, 60
41, 61
41, 62
41, 63
41, 64
41, 65
41, 66
41, 67
41, 69
41, 71
41, 72
41, 73
41, 76
41, 78
41, 80
41, 96
41, 100
41, 102
41, 104
41, 106
41, 108
41, 112
41, 120
42, 1
42, 7
42, 8
42, 9
42, 10
42, 11
42, 12
42, 13
42, 14
42, 15
42, 16
42, 17
42, 18
42, 19
42, 20
42, 21
42, 22
42, 23
42, 24
42, 25
42, 26
42, 27
42, 28
42, 29
42, 30
42, 31
42, 32
42, 33
42, 34
42, 35
42, 36
42, 37
42, 38
42, 39
42, 40
42, 41
42, 42
42, 43
42, 44
42, 45
42, 46
42, 47
42, 48
42, 49
42, 53
42, 55
42, 57
42, 59
42, 67
42, 69
42, 71
42, 72
42, 73
42, 76
42, 78
42, 80
42, 96
42, 100
42, 102
42, 104
42, 106
42, 108
42, 112
42, 120
43, 1
43, 7
43, 9
43, 14
43, 15
43, 20
43, 27
43, 30
43, 37
43, 41
43, 44
43, 46
43, 53
43, 55
43, 57
43, 59
43, 67
43, 69
43, 71
43, 72
43, 73
43, 76
43, 78
43, 80
43, 96
43, 100
43, 102
43, 104
43, 106
43, 108
43, 112
43, 120
44, 1
44, 7
44, 9
44, 11
44, 12
44, 13
44, 14
44, 15
44, 16
44, 17
44, 18
44, 19
44, 20
44, 21
44, 22
44, 23
44, 24
44, 25
44, 26
44, 27
44, 28
44, 29
44, 30
44, 31
44, 32
44, 33
44, 37
44, 41
44, 44
44, 46
44, 53
44, 55
44, 57
44, 59
44, 67
44, 69
44, 71
44, 72
44, 73
44, 76
44, 78
44, 80
44, 96
44, 100
44, 102
44, 104
44, 106
44, 108
44, 112
44, 120
45, 1
45, 7
45, 9
45, 11
45, 14
45, 15
45, 20
45, 27
45, 30
45, 33
45, 37
45, 41
45, 44
45, 46
45, 51
45, 52
45, 53
45, 54
45, 55
45, 56
45, 57
45, 58
45, 59
45, 60
45, 61
45, 62
45, 63
45, 64
45, 65
45, 66
45, 67
45, 68
45, 69
45, 70
45, 71
45, 72
45, 73
45, 74
45, 75
45, 76
45, 77
45, 78
45, 79
45, 80
45, 81
45, 82
45, 83
45, 84
45, 85
45, 86
45, 87
45, 88
45, 89
45, 90
45, 91
45, 92
45, 93
45, 94
45, 95
45, 96
45, 97
45, 100
45, 102
45, 104
45, 106
45, 108
45, 112
45, 120
46, 1
46, 7
46, 9
46, 11
46, 14
46, 15
46, 20
46, 27
46, 30
46, 33
46, 37
46, 41
46, 44
46, 46
46, 51
46, 53
46, 55
46, 57
46, 59
46, 67
46, 69
46, 71
46, 72
46, 73
46, 76
46, 78
46, 80
46, 96
46, 97
46, 100
46, 102
46, 104
46, 106
46, 108
46, 112
46, 120
47, 1
47, 7
47, 9
47, 11
47, 14
47, 15
47, 20
47, 23
47, 24
47, 25
47, 26
47, 27
47, 28
47, 29
47, 30
47, 31
47, 32
47, 33
47, 34
47, 35
47, 36
47, 37
47, 38
47, 39
47, 40
47, 41
47, 42
47, 43
47, 44
47, 45
47, 46
47, 47
47, 48
47, 49
47, 50
47, 51
47, 52
47, 53
47, 54
47, 55
47, 56
47, 57
47, 58
47, 59
47, 60
47, 61
47, 62
47, 63
47, 64
47, 65
47, 66
47, 67
47, 68
47, 69
47, 70
47, 71
47, 72
47, 73
47, 74
47, 75
47, 76
47, 77
47, 78
47, 79
47, 80
47, 81
47, 82
47, 83
47, 84
47, 85
47, 86
47, 87
47, 88
47, 89
47, 90
47, 91
47, 92
47, 96
47, 97
47, 100
47, 102
47, 104
47, 106
47, 108
47, 112
47, 120
48, 1
48, 7
48, 9
48, 10
48, 11
48, 12
48, 13
48, 14
48, 15
48, 16
48, 17
48, 18
48, 19
48, 20
48, 21
48, 22
48, 23
48, 24
48, 25
48, 26
48, 27
48, 28
48, 29
48, 30
48, 31
48, 32
48, 33
48, 37
48, 41
48, 44
48, 46
48, 51
48, 53
48, 55
48, 57
48, 59
48, 67
48, 69
48, 71
48, 72
48, 73
48, 76
48, 78
48, 80
48, 92
48, 96
48, 97
48, 100
48, 102
48, 104
48, 106
48, 108
48, 112
48, 120
49, 1
49, 7
49, 11
49, 14
49, 15
49, 20
49, 23
49, 27
49, 30
49, 37
49, 41
49, 44
49, 46
49, 51
49, 53
49, 55
49, 57
49, 59
49, 67
49, 69
49, 71
49, 72
49, 73
49, 76
49, 78
49, 80
49, 92
49, 96
49, 97
49, 100
49, 102
49, 104
49, 106
49, 108
49, 112
49, 120
50, 1
50, 7
50, 11
50, 14
50, 15
50, 20
50, 23
50, 27
50, 30
50, 33
50, 34
50, 35
50, 36
50, 37
50, 38
50, 39
50, 40
50, 41
50, 42
50, 43
50, 44
50, 45
50, 46
50, 47
50, 48
50, 49
50, 50
50, 51
50, 52
50, 53
50, 54
50, 55
50, 56
50, 57
50, 58
50, 59
50, 60
50, 61
50, 62
50, 63
50, 64
50, 65
50, 66
50, 67
50, 68
50, 69
50, 70
50, 71
50, 72
50, 73
50, 74
50, 75
50, 76
50, 77
50, 78
50, 79
50, 80
50, 81
50, 82
50, 83
50, 84
50, 85
50, 86
50, 87
50, 88
50, 92
50, 96
50, 97
50, 100
50, 102
50, 104
50, 106
50, 108
50, 112
50, 120
51, 1
51, 7
51, 11
51, 14
51, 15
51, 20
51, 23
51, 27
51, 30
51, 33
51, 37
51, 41
51, 44
51, 46
51, 51
51, 53
51, 55
51, 57
51, 59
51, 67
51, 69
51, 71
51, 72
51, 73
51, 76
51, 78
51, 80
51, 88
51, 92
51, 96
51, 97
51, 100
51, 102
51, 104
51, 106
51, 108
51, 112
51, 120
52, 1
52, 7
52, 11
52, 14
52, 15
52, 20
52, 23
52, 27
52, 30
52, 33
52, 37
52, 41
52, 44
52, 46
52, 51
52, 53
52, 55
52, 57
52, 59
52, 67
52, 69
52, 71
52, 72
52, 73
52, 76
52, 78
52, 80
52, 88
52, 92
52, 96
52, 97
52, 100
52, 102
52, 104
52, 106
52, 108
52, 112
52, 120
53, 1
53, 7
53, 11
53, 14
53, 15
53, 20
53, 23
53, 27
53, 30
53, 33
53, 37
53, 41
53, 44
53, 46
53, 49
53, 50
53, 51
53, 52
53, 53
53, 54
53, 55
53, 56
53, 57
53, 58
53, 59
53, 60
53, 61
53, 62
53, 63
53, 64
53, 65
53, 66
53, 67
53, 68
53, 69
53, 70
53, 71
53, 72
53, 73
53, 74
53, 75
53, 76
53, 77
53, 78
53, 79
53, 80
53, 81
53, 82
53, 83
53, 84
53, 85
53, 86
53, 87
53, 88
53, 89
53, 90
53, 91
53, 92
53, 93
53, 94
53, 95
53, 96
53, 97
53, 98
53, 99
53, 100
53, 101
53, 102
53, 103
53, 104
53, 105
53, 106
53, 107
53, 108
53, 109
53, 110
53, 111
53, 112
53, 113
53, 114
53, 115
53, 116
53, 117
53, 120
54, 1
54, 7
54, 11
54, 14
54, 15
54, 20
54, 23
54, 27
54, 30
54, 33
54, 37
54, 41
54, 44
54, 46
54, 49
54, 51
54, 53
54, 55
54, 57
54, 59
54, 67
54, 69
54, 70
54, 71
54, 72
54, 73
54, 74
54, 75
54, 76
54, 77
54, 78
54, 79
54, 80
54, 81
54, 82
54, 83
54, 84
54, 85
54, 86
54, 87
54, 88
54, 89
54, 90
54, 91
54, 92
54, 93
54, 94
54, 95
54, 96
54, 97
54, 98
54, 99
54, 100
54, 101
54, 102
54, 103
54, 104
54, 105
54, 106
54, 107
54, 108
54, 112
54, 117
54, 120
55, 1
55, 4
55, 5
55, 6
55, 7
55, 8
55, 9
55, 10
55, 11
55, 12
55, 13
55, 14
55, 15
55, 16
55, 17
55, 18
55, 19
55, 20
55, 21
55, 22
55, 23
55, 24
55, 25
55, 26
55, 27
55, 28
55, 29
55, 30
55, 31
55, 32
55, 33
55, 34
55, 35
55, 36
55, 37
55, 38
55, 39
55, 41
55, 44
55, 46
55, 49
55, 51
55, 53
55, 55
55, 57
55, 59
55, 67
55, 71
55, 72
55, 73
55, 76
55, 78
55, 80
55, 88
55, 92
55, 96
55, 97
55, 100
55, 102
55, 104
55, 106
55, 112
55, 117
55, 120
56, 1
56, 4
56, 7
56, 11
56, 14
56, 15
56, 20
56, 23
56, 27
56, 30
56, 33
56, 37
56, 39
56, 41
56, 44
56, 46
56, 49
56, 51
56, 53
56, 55
56, 57
56, 59
56, 67
56, 71
56, 72
56, 73
56, 76
56, 78
56, 80
56, 83
56, 84
56, 85
56, 86
56, 87
56, 88
56, 89
56, 90
56, 91
56, 92
56, 93
56, 94
56, 95
56, 96
56, 97
56, 98
56, 99
56, 100
56, 101
56, 102
56, 103
56, 104
56, 105
56, 106
56, 107
56, 108
56, 109
56, 110
56, 111
56, 112
56, 113
56, 114
56, 115
56, 116
56, 117
56, 118
56, 119
56, 120
56, 121
56, 122
56, 123
56, 124
57, 1
57, 4
57, 7
57, 11
57, 14
57, 15
57, 20
57, 23
57, 27
57, 30
57, 33
57, 37
57, 39
57, 41
57, 44
57, 46
57, 49
57, 51
57, 53
57, 55
57, 57
57, 59
57, 67
57, 71
57, 72
57, 73
57, 76
57, 78
57, 80
57, 83
57, 88
57, 92
57, 96
57, 97
57, 100
57, 102
57, 104
57, 106
57, 112
57, 117
57, 120
57, 124
58, 1
58, 4
58, 7
58, 11
58, 14
58, 15
58, 20
58, 23
58, 27
58, 30
58, 33
58, 37
58, 39
58, 41
58, 44
58, 46
58, 49
58, 51
58, 53
58, 55
58, 57
58, 59
58, 64
58, 65
58, 66
58, 67
58, 68
58, 69
58, 70
58, 71
58, 72
58, 73
58, 74
58, 75
58, 76
58, 77
58, 78
58, 79
58, 80
58, 81
58, 82
58, 83
58, 84
58, 85
58, 86
58, 87
58, 88
58, 89
58, 90
58, 91
58, 92
58, 93
58, 94
58, 95
58, 96
58, 97
58, 98
58, 99
58, 100
58, 101
58, 102
58, 103
58, 104
58, 105
58, 106
58, 107
58, 108
58, 109
58, 110
58, 112
58, 117
58, 120
58, 124
59, 1
59, 4
59, 7
59, 11
59, 14
59, 15
59, 16
59, 17
59, 18
59, 19
59, 20
59, 21
59, 22
59, 23
59, 24
59, 25
59, 26
59, 27
59, 28
59, 29
59, 30
59, 31
59, 32
59, 33
59, 34
59, 35
59, 36
59, 37
59, 38
59, 39
59, 41
59, 44
59, 46
59, 49
59, 51
59, 53
59, 55
59, 57
59, 59
59, 64
59, 67
59, 71
59, 72
59, 73
59, 76
59, 78
59, 80
59, 83
59, 88
59, 92
59, 96
59, 97
59, 100
59, 102
59, 104
59, 106
59, 110
59, 112
59, 117
59, 120
59, 124
60, 1
60, 4
60, 6
60, 7
60, 8
60, 9
60, 10
60, 11
60, 12
60, 13
60, 14
60, 15
60, 16
60, 17
60, 18
60, 19
60, 20
60, 21
60, 23
60, 27
60, 30
60, 33
60, 37
60, 41
60, 44
60, 46
60, 49
60, 51
60, 53
60, 55
60, 57
60, 59
60, 64
60, 67
60, 71
60, 72
60, 73
60, 76
60, 78
60, 80
60, 83
60, 88
60, 92
60, 96
60, 97
60, 100
60, 102
60, 104
60, 106
60, 110
60, 112
60, 117
60, 120
60, 124
61, 1
61, 2
61, 3
61, 4
61, 5
61, 6
61, 7
61, 11
61, 15
61, 20
61, 21
61, 23
61, 27
61, 30
61, 33
61, 37
61, 41
61, 44
61, 46
61, 49
61, 51
61, 53
61, 55
61, 57
61, 59
61, 64
61, 67
61, 71
61, 72
61, 73
61, 76
61, 78
61, 80
61, 83
61, 88
61, 92
61, 96
61, 97
61, 100
61, 102
61, 104
61, 106
61, 110
61, 112
61, 117
61, 120
61, 124
62, 1
62, 4
62, 6
62, 11
62, 15
62, 20
62, 21
62, 22
62, 23
62, 24
62, 25
62, 26
62, 27
62, 28
62, 29
62, 30
62, 31
62, 32
62, 33
62, 34
62, 35
62, 36
62, 37
62, 38
62, 39
62, 40
62, 41
62, 42
62, 43
62, 44
62, 45
62, 46
62, 47
62, 48
62, 49
62, 50
62, 51
62, 52
62, 53
62, 54
62, 55
62, 56
62, 57
62, 58
62, 59
62, 60
62, 61
62, 62
62, 63
62, 64
62, 65
62, 66
62, 67
62, 68
62, 69
62, 70
62, 71
62, 72
62, 73
62, 74
62, 75
62, 76
62, 77
62, 78
62, 79
62, 80
62, 81
62, 82
62, 83
62, 84
62, 85
62, 86
62, 87
62, 88
62, 89
62, 90
62, 91
62, 92
62, 93
62, 94
62, 95
62, 96
62, 97
62, 98
62, 99
62, 100
62, 101
62, 102
62, 104
62, 106
62, 110
62, 112
62, 117
62, 120
62, 124
63, 1
63, 4
63, 6
63, 11
63, 15
63, 21
63, 23
63, 27
63, 30
63, 33
63, 37
63, 41
63, 44
63, 46
63, 49
63, 51
63, 53
63, 55
63, 57
63, 59
63, 64
63, 67
63, 71
63, 72
63, 73
63, 76
63, 80
63, 83
63, 88
63, 92
63, 96
63, 97
63, 100
63, 104
63, 106
63, 110
63, 112
63, 117
63, 120
63, 124
64, 1
64, 2
64, 3
64, 4
64, 5
64, 6
64, 7
64, 8
64, 9
64, 10
64, 11
64, 12
64, 13
64, 14
64, 15
64, 16
64, 17
64, 18
64, 19
64, 20
64, 21
64, 22
64, 23
64, 24
64, 25
64, 26
64, 27
64, 28
64, 29
64, 30
64, 31
64, 32
64, 33
64, 34
64, 35
64, 36
64, 37
64, 38
64, 39
64, 40
64, 41
64, 42
64, 43
64, 44
64, 45
64, 46
64, 47
64, 48
64, 49
64, 50
64, 51
64, 52
64, 53
64, 54
64, 55
64, 56
64, 57
64, 58
64, 59
64, 60
64, 61
64, 62
64, 63
64, 64
64, 65
64, 66
64, 67
64, 68
64, 69
64, 70
64, 71
64, 72
64, 73
64, 74
64, 75
64, 76
64, 77
64, 78
64, 79
64, 80
64, 81
64, 82
64, 83
64, 84
64, 85
64, 86
64, 87
64, 88
64, 89
64, 90
64, 92
64, 96
64, 97
64, 100
64, 104
64, 106
64, 110
64, 112
64, 117
64, 120
64, 124
65, 1
65, 2
65, 4
65, 6
65, 11
65, 15
65, 21
65, 23
65, 27
65, 30
65, 33
65, 37
65, 41
65, 44
65, 46
65, 49
65, 51
65, 53
65, 55
65, 57
65, 59
65, 64
65, 67
65, 71
65, 72
65, 73
65, 76
65, 80
65, 83
65, 88
65, 90
65, 92
65, 96
65, 97
65, 100
65, 104
65, 106
65, 110
65, 112
65, 117
65, 120
65, 124
66, 1
66, 2
66, 4
66, 6
66, 11
66, 15
66, 21
66, 23
66, 27
66, 30
66, 33
66, 37
66, 39
66, 40
66, 41
66, 42
66, 43
66, 44
66, 45
66, 46
66, 47
66, 48
66, 49
66, 50
66, 51
66, 52
66, 53
66, 54
66, 55
66, 56
66, 57
66, 58
66, 59
66, 60
66, 61
66, 62
66, 63
66, 64
66, 65
66, 66
66, 67
66, 68
66, 69
66, 70
66, 71
66, 72
66, 73
66, 74
66, 75
66, 76
66, 77
66, 78
66, 79
66, 80
66, 81
66, 82
66, 83
66, 84
66, 85
66, 88
66, 90
66, 92
66, 96
66, 97
66, 100
66, 104
66, 106
66, 110
66, 112
66, 117
66, 120
66, 124
67, 1
67, 2
67, 4
67, 6
67, 7
67, 8
67, 9
67, 10
67, 11
67, 12
67, 13
67, 14
67, 15
67, 16
67, 17
67, 18
67, 19
67, 20
67, 21
67, 22
67, 23
67, 24
67, 25
67, 26
67, 27
67, 28
67, 29
67, 30
67, 31
67, 32
67, 33
67, 34
67, 35
67, 36
67, 37
67, 38
67, 39
67, 40
67, 41
67, 42
67, 43
67, 44
67, 45
67, 46
67, 47
67, 48
67, 49
67, 50
67, 51
67, 52
67, 53
67, 54
67, 55
67, 56
67, 57
67, 58
67, 59
67, 60
67, 61
67, 62
67, 63
67, 64
67, 65
67, 66
67, 67
67, 68
67, 69
67, 70
67, 71
67, 72
67, 73
67, 74
67, 75
67, 76
67, 77
67, 78
67, 79
67, 80
67, 81
67, 82
67, 83
67, 84
67, 85
67, 86
67, 87
67, 88
67, 89
67, 90
67, 91
67, 92
67, 93
67, 94
67, 95
67, 96
67, 97
67, 98
67, 99
67, 100
67, 101
67, 102
67, 103
67, 104
67, 105
67, 106
67, 107
67, 108
67, 109
67, 110
67, 112
67, 117
67, 120
67, 124
68, 1
68, 2
68, 4
68, 11
68, 15
68, 21
68, 23
68, 27
68, 30
68, 33
68, 37
68, 39
68, 41
68, 44
68, 46
68, 49
68, 51
68, 53
68, 55
68, 57
68, 59
68, 64
68, 67
68, 71
68, 72
68, 73
68, 76
68, 80
68, 83
68, 85
68, 88
68, 90
68, 92
68, 96
68, 97
68, 100
68, 104
68, 106
68, 112
68, 117
68, 120
68, 124
69, 1
69, 2
69, 4
69, 11
69, 15
69, 21
69, 23
69, 27
69, 30
69, 33
69, 37
69, 39
69, 41
69, 44
69, 46
69, 49
69, 51
69, 53
69, 55
69, 57
69, 59
69, 64
69, 67
69, 71
69, 72
69, 73
69, 76
69, 77
69, 78
69, 79
69, 80
69, 81
69, 82
69, 83
69, 84
69, 85
69, 86
69, 87
69, 88
69, 89
69, 90
69, 91
69, 92
69, 93
69, 94
69, 95
69, 96
69, 97
69, 98
69, 99
69, 100
69, 101
69, 102
69, 103
69, 104
69, 105
69, 106
69, 107
69, 108
69, 109
69, 110
69, 111
69, 112
69, 113
69, 117
69, 120
69, 124
70, 1
70, 2
70, 4
70, 11
70, 15
70, 21
70, 23
70, 27
70, 30
70, 33
70, 37
70, 39
70, 41
70, 44
70, 46
70, 49
70, 51
70, 53
70, 55
70, 57
70, 59
70, 64
70, 67
70, 71
70, 72
70, 73
70, 76
70, 77
70, 80
70, 83
70, 85
70, 88
70, 90
70, 92
70, 96
70, 97
70, 100
70, 104
70, 106
70, 112
70, 113
70, 117
70, 120
70, 124
71, 1
71, 2
71, 4
71, 11
71, 15
71, 21
71, 23
71, 27
71, 30
71, 33
71, 37
71, 39
71, 41
71, 44
71, 46
71, 49
71, 51
71, 53
71, 55
71, 57
71, 59
71, 64
71, 67
71, 71
71, 72
71, 73
71, 76
71, 77
71, 80
71, 83
71, 85
71, 88
71, 90
71, 92
71, 96
71, 97
71, 100
71, 102
71, 103
71, 104
71, 105
71, 106
71, 107
71, 108
71, 112
71, 113
71, 117
71, 120
71, 124
72, 1
72, 2
72, 4
72, 11
72, 15
72, 21
72, 23
72, 27
72, 30
72, 33
72, 37
72, 39
72, 41
72, 44
72, 46
72, 49
72, 51
72, 53
72, 55
72, 57
72, 59
72, 64
72, 67
72, 71
72, 72
72, 73
72, 76
72, 77
72, 80
72, 83
72, 85
72, 88
72, 90
72, 92
72, 96
72, 97
72, 100
72, 102
72, 104
72, 106
72, 108
72, 112
72, 113
72, 117
72, 120
72, 124
73, 1
73, 2
73, 4
73, 6
73, 7
73, 8
73, 9
73, 10
73, 11
73, 12
73, 13
73, 14
73, 15
73, 16
73, 21
73, 23
73, 27
73, 30
73, 31
73, 32
73, 33
73, 34
73, 35
73, 36
73, 37
73, 38
73, 39
73, 40
73, 41
73, 42
73, 43
73, 44
73, 45
73, 46
73, 47
73, 48
73, 49
73, 50
73, 51
73, 52
73, 53
73, 54
73, 55
73, 56
73, 57
73, 58
73, 59
73, 60
73, 61
73, 62
73, 63
73, 64
73, 65
73, 66
73, 67
73, 68
73, 69
73, 70
73, 71
73, 72
73, 73
73, 74
73, 75
73, 76
73, 77
73, 78
73, 79
73, 80
73, 81
73, 82
73, 83
73, 84
73, 85
73, 86
73, 87
73, 88
73, 89
73, 90
73, 91
73, 92
73, 96
73, 97
73, 100
73, 102
73, 104
73, 106
73, 108
73, 112
73, 113
73, 117
73, 120
73, 124
74, 1
74, 2
74, 4
74, 6
74, 11
74, 15
74, 16
74, 21
74, 23
74, 27
74, 33
74, 37
74, 39
74, 41
74, 44
74, 46
74, 49
74, 51
74, 53
74, 55
74, 57
74, 59
74, 64
74, 67
74, 71
74, 72
74, 73
74, 76
74, 77
74, 80
74, 83
74, 85
74, 88
74, 90
74, 96
74, 97
74, 98
74, 99
74, 100
74, 101
74, 102
74, 103
74, 104
74, 106
74, 108
74, 112
74, 113
74, 117
74, 120
74, 124
75, 1
75, 2
75, 4
75, 6
75, 11
75, 15
75, 16
75, 21
75, 23
75, 27
75, 33
75, 37
75, 39
75, 41
75, 44
75, 46
75, 49
75, 51
75, 53
75, 55
75, 57
75, 59
75, 64
75, 67
75, 71
75, 72
75, 73
75, 76
75, 77
75, 80
75, 83
75, 85
75, 88
75, 90
75, 97
75, 100
75, 102
75, 106
75, 108
75, 112
75, 113
75, 117
75, 120
75, 124
76, 1
76, 2
76, 4
76, 6
76, 11
76, 15
76, 16
76, 21
76, 23
76, 24
76, 25
76, 26
76, 27
76, 28
76, 29
76, 30
76, 31
76, 32
76, 33
76, 34
76, 35
76, 36
76, 37
76, 38
76, 39
76, 40
76, 41
76, 42
76, 43
76, 44
76, 45
76, 46
76, 49
76, 51
76, 53
76, 55
76, 57
76, 59
76, 64
76, 67
76, 71
76, 72
76, 73
76, 76
76, 77
76, 80
76, 83
76, 85
76, 88
76, 90
76, 97
76, 100
76, 102
76, 106
76, 108
76, 112
76, 113
76, 117
76, 120
76, 124
77, 1
77, 2
77, 4
77, 6
77, 11
77, 15
77, 16
77, 21
77, 27
77, 33
77, 37
77, 39
77, 41
77, 44
77, 49
77, 51
77, 53
77, 55
77, 57
77, 59
77, 64
77, 67
77, 71
77, 72
77, 73
77, 74
77, 75
77, 76
77, 77
77, 78
77, 79
77, 80
77, 81
77, 82
77, 83
77, 84
77, 85
77, 86
77, 87
77, 88
77, 89
77, 90
77, 97
77, 100
77, 102
77, 106
77, 108
77, 112
77, 113
77, 117
77, 120
77, 124
78, 1
78, 2
78, 4
78, 6
78, 11
78, 15
78, 16
78, 21
78, 27
78, 33
78, 37
78, 39
78, 41
78, 44
78, 49
78, 51
78, 53
78, 55
78, 57
78, 59
78, 64
78, 67
78, 72
78, 73
78, 76
78, 77
78, 80
78, 83
78, 85
78, 88
78, 97
78, 100
78, 102
78, 106
78, 108
78, 112
78, 113
78, 117
78, 120
78, 124
79, 1
79, 2
79, 4
79, 6
79, 11
79, 15
79, 16
79, 21
79, 27
79, 28
79, 29
79, 30
79, 31
79, 32
79, 33
79, 34
79, 35
79, 36
79, 37
79, 38
79, 39
79, 40
79, 41
79, 42
79, 43
79, 44
79, 45
79, 46
79, 47
79, 48
79, 49
79, 50
79, 51
79, 52
79, 53
79, 54
79, 55
79, 56
79, 57
79, 58
79, 59
79, 60
79, 61
79, 62
79, 63
79, 64
79, 65
79, 66
79, 67
79, 68
79, 69
79, 70
79, 71
79, 72
79, 73
79, 74
79, 75
79, 76
79, 77
79, 78
79, 79
79, 80
79, 81
79, 82
79, 83
79, 84
79, 85
79, 86
79, 87
79, 88
79, 89
79, 90
79, 91
79, 92
79, 93
79, 94
79, 95
79, 96
79, 97
79, 100
79, 102
79, 106
79, 108
79, 112
79, 113
79, 117
79, 120
79, 124
80, 1
80, 2
80, 4
80, 6
80, 11
80, 15
80, 16
80, 21
80, 33
80, 34
80, 35
80, 36
80, 37
80, 38
80, 39
80, 40
80, 41
80, 42
80, 43
80, 44
80, 45
80, 46
80, 47
80, 48
80, 49
80, 50
80, 51
80, 52
80, 53
80, 54
80, 55
80, 56
80, 57
80, 59
80, 64
80, 67
80, 72
80, 73
80, 76
80, 77
80, 80
80, 83
80, 85
80, 88
80, 100
80, 102
80, 106
80, 108
80, 112
80, 113
80, 117
80, 120
80, 124
81, 1
81, 2
81, 4
81, 6
81, 11
81, 15
81, 16
81, 21
81, 37
81, 39
81, 41
81, 44
81, 49
81, 51
81, 53
81, 55
81, 59
81, 64
81, 67
81, 72
81, 73
81, 76
81, 77
81, 80
81, 83
81, 85
81, 88
81, 100
81, 102
81, 106
81, 108
81, 112
81, 113
81, 117
81, 120
81, 124
82, 1
82, 2
82, 4
82, 6
82, 11
82, 15
82, 16
82, 19
82, 20
82, 21
82, 22
82, 23
82, 24
82, 25
82, 37
82, 39
82, 41
82, 44
82, 49
82, 51
82, 53
82, 55
82, 59
82, 64
82, 67
82, 72
82, 73
82, 76
82, 77
82, 80
82, 83
82, 85
82, 88
82, 100
82, 102
82, 106
82, 108
82, 112
82, 113
82, 117
82, 120
82, 124
83, 1
83, 2
83, 4
83, 6
83, 11
83, 15
83, 16
83, 19
83, 21
83, 25
83, 26
83, 27
83, 28
83, 37
83, 38
83, 39
83, 40
83, 41
83, 42
83, 43
83, 44
83, 45
83, 46
83, 47
83, 48
83, 49
83, 50
83, 51
83, 52
83, 53
83, 54
83, 55
83, 56
83, 57
83, 58
83, 59
83, 60
83, 61
83, 62
83, 63
83, 64
83, 65
83, 66
83, 67
83, 68
83, 69
83, 70
83, 71
83, 72
83, 73
83, 74
83, 75
83, 76
83, 77
83, 80
83, 83
83, 85
83, 88
83, 100
83, 102
83, 106
83, 108
83, 112
83, 113
83, 117
83, 120
83, 124
84, 1
84, 2
84, 4
84, 6
84, 11
84, 15
84, 16
84, 19
84, 21
84, 25
84, 26
84, 28
84, 39
84, 41
84, 44
84, 49
84, 51
84, 53
84, 55
84, 59
84, 64
84, 67
84, 72
84, 73
84, 77
84, 80
84, 83
84, 85
84, 88
84, 100
84, 102
84, 103
84, 104
84, 105
84, 106
84, 107
84, 108
84, 109
84, 110
84, 111
84, 112
84, 113
84, 117
84, 120
84, 124
85, 1
85, 2
85, 4
85, 6
85, 11
85, 15
85, 16
85, 19
85, 21
85, 25
85, 26
85, 28
85, 39
85, 41
85, 44
85, 49
85, 51
85, 53
85, 55
85, 59
85, 64
85, 67
85, 72
85, 73
85, 77
85, 80
85, 83
85, 85
85, 88
85, 92
85, 93
85, 94
85, 95
85, 96
85, 97
85, 98
85, 99
85, 100
85, 101
85, 102
85, 103
85, 104
85, 106
85, 108
85, 113
85, 117
85, 120
85, 124
86, 1
86, 2
86, 3
86, 4
86, 5
86, 6
86, 7
86, 8
86, 9
86, 10
86, 11
86, 12
86, 13
86, 14
86, 15
86, 16
86, 17
86, 18
86, 19
86, 20
86, 21
86, 22
86, 23
86, 24
86, 25
86, 26
86, 28
86, 39
86, 41
86, 44
86, 49
86, 51
86, 53
86, 55
86, 59
86, 64
86, 67
86, 72
86, 73
86, 77
86, 80
86, 83
86, 85
86, 88
86, 92
86, 100
86, 104
86, 106
86, 108
86, 113
86, 117
86, 120
86, 124
87, 2
87, 4
87, 6
87, 11
87, 15
87, 16
87, 19
87, 21
87, 26
87, 27
87, 28
87, 29
87, 30
87, 31
87, 32
87, 33
87, 34
87, 35
87, 36
87, 37
87, 38
87, 39
87, 40
87, 41
87, 42
87, 43
87, 44
87, 45
87, 46
87, 47
87, 48
87, 49
87, 50
87, 51
87, 52
87, 53
87, 54
87, 55
87, 56
87, 57
87, 58
87, 59
87, 60
87, 61
87, 62
87, 63
87, 64
87, 65
87, 66
87, 67
87, 68
87, 69
87, 70
87, 71
87, 72
87, 73
87, 77
87, 80
87, 83
87, 85
87, 88
87, 92
87, 100
87, 104
87, 106
87, 108
87, 113
87, 117
87, 120
87, 124
88, 2
88, 4
88, 6
88, 11
88, 15
88, 16
88, 19
88, 21
88, 28
88, 39
88, 41
88, 44
88, 49
88, 51
88, 53
88, 55
88, 59
88, 64
88, 67
88, 72
88, 77
88, 80
88, 83
88, 85
88, 88
88, 92
88, 100
88, 104
88, 106
88, 108
88, 113
88, 117
88, 120
88, 124
89, 2
89, 4
89, 6
89, 11
89, 15
89, 16
89, 19
89, 21
89, 28
89, 39
89, 41
89, 42
89, 43
89, 44
89, 45
89, 46
89, 47
89, 48
89, 49
89, 50
89, 51
89, 52
89, 53
89, 54
89, 55
89, 56
89, 57
89, 58
89, 59
89, 60
89, 61
89, 62
89, 63
89, 64
89, 65
89, 66
89, 67
89, 68
89, 69
89, 70
89, 71
89, 72
89, 73
89, 74
89, 75
89, 76
89, 77
89, 78
89, 79
89, 80
89, 81
89, 82
89, 83
89, 84
89, 85
89, 86
89, 87
89, 88
89, 89
89, 90
89, 91
89, 92
89, 93
89, 94
89, 95
89, 96
89, 97
89, 98
89, 99
89, 100
89, 101
89, 102
89, 103
89, 104
89, 105
89, 106
89, 107
89, 108
89, 109
89, 110
89, 111
89, 112
89, 113
89, 114
89, 115
89, 116
89, 117
89, 118
89, 119
89, 120
89, 124
90, 2
90, 4
90, 6
90, 11
90, 15
90, 16
90, 19
90, 21
90, 28
90, 39
90, 44
90, 49
90, 51
90, 53
90, 55
90, 59
90, 64
90, 67
90, 72
90, 77
90, 80
90, 83
90, 85
90, 88
90, 92
90, 100
90, 104
90, 106
90, 108
90, 113
90, 117
90, 124
91, 2
91, 4
91, 6
91, 11
91, 15
91, 16
91, 19
91, 21
91, 28
91, 39
91, 44
91, 45
91, 46
91, 47
91, 48
91, 49
91, 50
91, 51
91, 52
91, 53
91, 54
91, 55
91, 56
91, 57
91, 58
91, 59
91, 60
91, 61
91, 62
91, 63
91, 64
91, 65
91, 66
91, 67
91, 68
91, 69
91, 70
91, 71
91, 72
91, 73
91, 74
91, 75
91, 76
91, 77
91, 78
91, 79
91, 80
91, 81
91, 82
91, 83
91, 84
91, 85
91, 86
91, 87
91, 88
91, 92
91, 100
91, 104
91, 106
91, 108
91, 113
91, 117
91, 124
92, 2
92, 4
92, 6
92, 11
92, 15
92, 16
92, 19
92, 21
92, 28
92, 39
92, 49
92, 51
92, 53
92, 55
92, 56
92, 57
92, 58
92, 59
92, 60
92, 61
92, 62
92, 63
92, 64
92, 65
92, 66
92, 67
92, 68
92, 69
92, 70
92, 71
92, 72
92, 73
92, 74
92, 75
92, 76
92, 77
92, 78
92, 79
92, 80
92, 81
92, 82
92, 83
92, 84
92, 85
92, 92
92, 100
92, 104
92, 106
92, 108
92, 113
92, 117
92, 124
93, 2
93, 4
93, 6
93, 11
93, 15
93, 16
93, 19
93, 21
93, 22
93, 23
93, 24
93, 25
93, 26
93, 27
93, 28
93, 29
93, 30
93, 31
93, 32
93, 33
93, 34
93, 35
93, 39
93, 49
93, 51
93, 53
93, 59
93, 64
93, 67
93, 72
93, 77
93, 80
93, 83
93, 92
93, 100
93, 104
93, 106
93, 108
93, 113
93, 117
93, 124
94, 2
94, 4
94, 6
94, 11
94, 15
94, 16
94, 19
94, 21
94, 22
94, 28
94, 35
94, 39
94, 49
94, 51
94, 53
94, 59
94, 64
94, 67
94, 72
94, 77
94, 80
94, 83
94, 92
94, 100
94, 104
94, 106
94, 108
94, 113
94, 117
94, 124
95, 2
95, 4
95, 6
95, 11
95, 15
95, 16
95, 19
95, 21
95, 22
95, 28
95, 35
95, 39
95, 40
95, 41
95, 42
95, 43
95, 44
95, 45
95, 46
95, 47
95, 48
95, 49
95, 50
95, 51
95, 52
95, 53
95, 54
95, 55
95, 56
95, 57
95, 58
95, 59
95, 60
95, 61
95, 62
95, 63
95, 64
95, 65
95, 66
95, 67
95, 72
95, 77
95, 80
95, 83
95, 92
95, 100
95, 104
95, 106
95, 108
95, 113
95, 117
95, 124
96, 2
96, 4
96, 6
96, 11
96, 15
96, 16
96, 19
96, 21
96, 22
96, 28
96, 35
96, 49
96, 51
96, 53
96, 59
96, 64
96, 72
96, 77
96, 80
96, 83
96, 92
96, 93
96, 94
96, 95
96, 96
96, 97
96, 98
96, 99
96, 100
96, 101
96, 102
96, 103
96, 104
96, 105
96, 106
96, 108
96, 113
96, 117
96, 124
97, 2
97, 4
97, 6
97, 11
97, 15
97, 16
97, 19
97, 21
97, 22
97, 28
97, 35
97, 49
97, 51
97, 53
97, 59
97, 64
97, 67
97, 68
97, 69
97, 70
97, 71
97, 72
97, 73
97, 74
97, 75
97, 76
97, 77
97, 78
97, 79
97, 80
97, 81
97, 82
97, 83
97, 84
97, 85
97, 86
97, 87
97, 88
97, 89
97, 100
97, 104
97, 108
97, 113
97, 117
97, 124
98, 2
98, 4
98, 6
98, 11
98, 15
98, 16
98, 17
98, 18
98, 19
98, 20
98, 21
98, 22
98, 23
98, 24
98, 25
98, 26
98, 27
98, 28
98, 29
98, 30
98, 31
98, 32
98, 33
98, 34
98, 35
98, 36
98, 37
98, 38
98, 39
98, 40
98, 41
98, 42
98, 43
98, 44
98, 45
98, 46
98, 47
98, 48
98, 49
98, 50
98, 51
98, 52
98, 53
98, 54
98, 55
98, 56
98, 57
98, 58
98, 59
98, 64
98, 67
98, 72
98, 77
98, 80
98, 83
98, 89
98, 100
98, 104
98, 108
98, 113
98, 117
98, 124
99, 2
99, 4
99, 6
99, 11
99, 16
99, 19
99, 21
99, 22
99, 28
99, 35
99, 49
99, 51
99, 53
99, 64
99, 67
99, 72
99, 73
99, 74
99, 75
99, 76
99, 77
99, 78
99, 79
99, 80
99, 83
99, 89
99, 100
99, 104
99, 108
99, 113
99, 117
99, 124
100, 2
100, 4
100, 6
100, 11
100, 16
100, 19
100, 21
100, 22
100, 28
100, 35
100, 49
100, 51
100, 53
100, 64
100, 67
100, 77
100, 83
100, 89
100, 100
100, 104
100, 108
100, 113
100, 117
100, 124
101, 2
101, 4
101, 6
101, 11
101, 14
101, 15
101, 16
101, 17
101, 18
101, 19
101, 20
101, 21
101, 22
101, 23
101, 24
101, 25
101, 26
101, 27
101, 28
101, 29
101, 30
101, 31
101, 32
101, 33
101, 34
101, 35
101, 36
101, 37
101, 38
101, 39
101, 40
101, 41
101, 42
101, 43
101, 44
101, 45
101, 46
101, 47
101, 49
101, 51
101, 53
101, 64
101, 67
101, 68
101, 69
101, 70
101, 71
101, 72
101, 73
101, 74
101, 75
101, 76
101, 77
101, 78
101, 79
101, 80
101, 81
101, 82
101, 83
101, 84
101, 85
101, 86
101, 87
101, 88
101, 89
101, 90
101, 91
101, 92
101, 93
101, 94
101, 95
101, 96
101, 97
101, 98
101, 99
101, 100
101, 101
101, 102
101, 103
101, 104
101, 105
101, 106
101, 107
101, 108
101, 109
101, 110
101, 111
101, 112
101, 113
101, 114
101, 115
101, 116
101, 117
101, 124
102, 2
102, 4
102, 6
102, 11
102, 14
102, 16
102, 19
102, 21
102, 22
102, 28
102, 35
102, 47
102, 49
102, 51
102, 53
102, 64
102, 77
102, 83
102, 89
102, 100
102, 104
102, 108
102, 113
102, 124
103, 2
103, 4
103, 6
103, 11
103, 14
103, 16
103, 19
103, 21
103, 22
103, 28
103, 35
103, 47
103, 49
103, 50
103, 51
103, 52
103, 53
103, 54
103, 55
103, 56
103, 57
103, 58
103, 59
103, 60
103, 61
103, 62
103, 63
103, 64
103, 65
103, 66
103, 67
103, 68
103, 69
103, 70
103, 71
103, 72
103, 73
103, 74
103, 75
103, 76
103, 77
103, 78
103, 79
103, 80
103, 81
103, 82
103, 83
103, 84
103, 85
103, 86
103, 87
103, 88
103, 89
103, 90
103, 91
103, 92
103, 93
103, 94
103, 95
103, 96
103, 97
103, 98
103, 99
103, 100
103, 101
103, 102
103, 103
103, 104
103, 105
103, 106
103, 107
103, 108
103, 109
103, 110
103, 111
103, 112
103, 113
103, 124
104, 2
104, 3
104, 4
104, 5
104, 6
104, 7
104, 8
104, 9
104, 10
104, 11
104, 12
104, 13
104, 14
104, 15
104, 16
104, 17
104, 18
104, 19
104, 20
104, 21
104, 22
104, 23
104, 24
104, 25
104, 26
104, 27
104, 28
104, 29
104, 30
104, 31
104, 32
104, 33
104, 34
104, 35
104, 36
104, 37
104, 38
104, 39
104, 40
104, 41
104, 42
104, 43
104, 44
104, 45
104, 46
104, 47
104, 48
104, 49
104, 50
104, 51
104, 52
104, 53
104, 64
104, 77
104, 83
104, 89
104, 100
104, 104
104, 108
104, 124
105, 4
105, 6
105, 11
105, 14
105, 15
105, 16
105, 17
105, 18
105, 19
105, 20
105, 21
105, 22
105, 28
105, 35
105, 47
105, 51
105, 64
105, 77
105, 83
105, 89
105, 100
105, 104
105, 108
105, 124
106, 4
106, 6
106, 11
106, 16
106, 19
106, 22
106, 28
106, 35
106, 47
106, 51
106, 64
106, 77
106, 83
106, 89
106, 100
106, 104
106, 108
106, 124
107, 4
107, 5
107, 6
107, 7
107, 8
107, 9
107, 10
107, 11
107, 12
107, 13
107, 14
107, 15
107, 16
107, 17
107, 18
107, 19
107, 20
107, 21
107, 22
107, 23
107, 24
107, 25
107, 26
107, 27
107, 28
107, 29
107, 30
107, 31
107, 32
107, 33
107, 34
107, 35
107, 47
107, 51
107, 64
107, 77
107, 83
107, 89
107, 100
107, 104
107, 108
107, 124
108, 6
108, 11
108, 16
108, 19
108, 22
108, 28
108, 47
108, 51
108, 64
108, 77
108, 83
108, 89
108, 100
108, 104
108, 108
108, 124
109, 6
109, 7
109, 8
109, 9
109, 10
109, 11
109, 12
109, 13
109, 14
109, 15
109, 16
109, 17
109, 18
109, 19
109, 20
109, 21
109, 22
109, 23
109, 24
109, 25
109, 26
109, 27
109, 28
109, 47
109, 51
109, 64
109, 77
109, 83
109, 89
109, 100
109, 104
109, 108
109, 124
110, 11
110, 16
110, 19
110, 22
110, 47
110, 51
110, 64
110, 77
110, 78
110, 79
110, 80
110, 81
110, 82
110, 83
110, 84
110, 85
110, 86
110, 87
110, 88
110, 89
110, 90
110, 91
110, 92
110, 93
110, 94
110, 95
110, 96
110, 97
110, 98
110, 99
110, 100
110, 101
110, 102
110, 103
110, 104
110, 105
110, 106
110, 107
110, 108
110, 124
111, 11
111, 16
111, 19
111, 22
111, 47
111, 51
111, 64
111, 83
111, 89
111, 100
111, 104
111, 124
112, 11
112, 16
112, 19
112, 22
112, 47
112, 51
112, 64
112, 71
112, 72
112, 73
112, 74
112, 75
112, 76
112, 77
112, 78
112, 79
112, 80
112, 81
112, 82
112, 83
112, 84
112, 85
112, 86
112, 87
112, 88
112, 89
112, 90
112, 91
112, 92
112, 93
112, 94
112, 95
112, 96
112, 97
112, 98
112, 100
112, 104
112, 124
113, 11
113, 12
113, 13
113, 14
113, 15
113, 16
113, 19
113, 22
113, 47
113, 51
113, 64
113, 71
113, 83
113, 89
113, 98
113, 100
113, 104
113, 124
114, 19
114, 22
114, 47
114, 51
114, 52
114, 53
114, 54
114, 55
114, 56
114, 57
114, 58
114, 59
114, 60
114, 61
114, 62
114, 63
114, 64
114, 65
114, 66
114, 67
114, 68
114, 69
114, 70
114, 71
114, 72
114, 73
114, 74
114, 75
114, 76
114, 77
114, 78
114, 79
114, 80
114, 81
114, 82
114, 83
114, 84
114, 85
114, 86
114, 87
114, 88
114, 89
114, 90
114, 91
114, 92
114, 93
114, 94
114, 95
114, 96
114, 97
114, 98
114, 99
114, 100
114, 101
114, 102
114, 103
114, 104
114, 105
114, 106
114, 107
114, 108
114, 109
114, 110
114, 111
114, 112
114, 113
114, 114
114, 115
114, 116
114, 117
114, 118
114, 119
114, 120
114, 121
114, 122
114, 123
114, 124
115, 19
115, 22
115, 47
115, 64
115, 71
115, 83
115, 89
115, 98
115, 100
115, 104
116, 19
116, 22
116, 47
116, 64
116, 71
116, 83
116, 89
116, 98
116, 100
116, 104
117, 19
117, 22
117, 47
117, 64
117, 71
117, 83
117, 84
117, 85
117, 86
117, 87
117, 88
117, 89
117, 90
117, 91
117, 92
117, 93
117, 94
117, 95
117, 96
117, 97
117, 98
117, 99
117, 100
117, 104
118, 19
118, 22
118, 47
118, 64
118, 71
118, 89
118, 98
118, 104
119, 19
119, 22
119, 47
119, 64
119, 71
119, 89
119, 98
119, 104
120, 19
120, 20
120, 21
120, 22
120, 23
120, 24
120, 25
120, 26
120, 27
120, 28
120, 29
120, 30
120, 31
120, 32
120, 33
120, 34
120, 35
120, 36
120, 37
120, 38
120, 39
120, 40
120, 41
120, 42
120, 43
120, 44
120, 45
120, 46
120, 47
120, 64
120, 71
120, 72
120, 73
120, 74
120, 75
120, 76
120, 77
120, 78
120, 79
120, 80
120, 81
120, 82
120, 83
120, 84
120, 85
120, 86
120, 87
120, 88
120, 89
120, 98
120, 104
121, 22
121, 64
121, 98
121, 104
122, 22
122, 64
122, 65
122, 66
122, 67
122, 68
122, 69
122, 70
122, 71
122, 72
122, 73
122, 74
122, 75
122, 76
122, 77
122, 78
122, 79
122, 80
122, 81
122, 82
122, 83
122, 84
122, 85
122, 86
122, 87
122, 88
122, 89
122, 90
122, 91
122, 92
122, 93
122, 94
122, 95
122, 96
122, 97
122, 98
122, 99
122, 100
122, 101
122, 102
122, 103
122, 104
123, 22
123, 98
124, 22
124, 23
124, 24
124, 25
124, 26
124, 27
124, 28
124, 29
124, 30
124, 31
124, 32
124, 33
124, 34
124, 35
124, 36
124, 37
124, 38
124, 39
124, 40
124, 41
124, 42
124, 43
124, 44
124, 45
124, 46
124, 47
124, 48
124, 49
124, 50
124, 51
124, 52
124, 53
124, 54
124, 55
124, 56
124, 57
124, 58
124, 59
124, 60
124, 61
124, 62
124, 63
124, 64
124, 65
124, 66
124, 67
124, 68
124, 69
124, 70
124, 71
124, 72
124, 73
124, 74
124, 75
124, 76
124, 77
124, 78
124, 79
124, 80
124, 81
124, 82
124, 83
124, 84
124, 85
124, 86
124, 87
124, 88
124, 89
124, 90
124, 91
124, 92
124, 93
124, 94
124, 95
124, 96
124, 97
124, 98
