0000000000000000000000000000000000000000000000000000000000000100000000000000000000000000000000000000000000000000000000000000000000
0000000000000000000000000000010010111110000100101011101111011101100010011101110000101110000000000000000000000000000000000000000000
0000000000000000000000000000000000000000000000000000000000000000000000001100110000100100010010100011000100000000000000000000000000
0000000000000000000000000000000000000000000000000000000000000100000000000000000000000010000000000000000010000000000000000000000000
0000000111001100001111001001000000000000000000000000000110001000000001001100110000100100010010100000000101100000000000000000000000
0000010000000000000000000000010000000000000000000000000000000100000000000000000000000010000000000000000010010000000000000000000000
0000000000000000000000000000110000000000000000000000000000001101001000000100010000100100000000000000000101000100000000000000000000
0000000000000000000111101001010011111111111100000000000000001000000000000000000000000000000000000000000000000000000000000000000000
0000000000000000000000001000000000000000001000000000000000000000000100000000000000000010000000000000000000000000000000000000000000
0000010000000000000001100000000010100100100110101000000000000000000100000000000000000010000000000000000010000000000000000000000000
0000000000000000000000000000000000000000000000001000000000000000000100000000000000000010000000000000000010010000000000000000000000
0000000000000000000000000000000000000000001010100100000100001010000001001000010000100100000000000000000101000000000000000000000000
0000000000000000000000000000000000000000001000001000000000000000000000000000000000000010000000000000000010010000010000000000000000
0000000000000000000000000000000000000000001000000000000000000000000100000000000000000010000000000000000000000000000000000000000000
0000000000000000000101100001111011111111111110110111011010010000000100000000000000000010000000000000000111010100010000000000000000
0000000011001000000101100000010010100100100100100101000100001010000101001000011100100100001001000000000001000000000000000000000000
0000000000000000000100000000000000000000000000001000000100001000100100000000000000000000000000000000010001000111000000000000000000
0000000000000000000000000000000000000000000000000000000000001000100100000000000000000010000000000000010001000000000000000000000000
0000000000000000000000000000000000000000001000001000000000010000000100000000000000000010000000000000000000000000000000000000000000
0000000000000000000100000000000000000000001000001000000000011000100100000000000000111100011011100100100111110000000100100000000000
0000000000000000000000000000000000000000100010000101000100001000100000000000000000000000000000000000000000010000000000001000000000
0000000000000000000000000000000000000000001000001000000000010011000111011010010011100000101000010111111111010000000000001000000000
0000010010000000000110000000000000000000001000001000000000010000000100000000000000100010000001000010010100100000000000000000000000
0000000000000000000100000000000000000000000000000101100100001000000100000100000000000010000000000000000000000000000000000000000000
0000000000000000111001100011000000000000000000000000000100000000100100000000000000100010000001000000000000000000000000000000000000
0000000000000000000000000000000000000000000000000000000000000000000000000000000000010100000001000000010000000000000000000000000000
0000000000000000000000000000000000000000001000001000000000010010000100000000100000000101000000000000010010000000000000001000000000
0000000000000000000000000000100000100000101010000001100100010000000100000100010000010000000000000000000010010000000000000000000000
0000000000000000000000000000100001000010001010011000000100010000100100000000100000010000110001000000000000010000000000000000000000
0000000000000000000000000000100000000000001010001000000100010000100100000000000000000001000001000000010000000000000000001000000000
0000010010000000100000000100000110000100101010100101100100001000000101101000000000000000000000000000000010010000000000001000000000
0000010010000100100110000000000001000010000010010000000100000000100100000000000000000000000000000000000000000000000000000000000000
0000000000000000000000000000000000000000000000000000000000010010000100000100100000000001000000000010000010010000000000001000000000
0000000000000000000000000000000000000000001000000000000000010010100100000000010000000001000000000010010000000000000000001000000000
0000010000000000000000000000000000000000001000000000000000010010000100000100100110000001000000000010000010010000000000000000000000
0000000000000000000000000000000000000000000000000000000000000000000000000000000000000000000001010101101100110000000000000000000000
0000000000000000000000000000100000000000001000000000000100010010100100000100100010000000000000000000010010000000000000000000000000
0000000000000000000000000000100010000000001010000000000000010010000100000000010000000000000000000000000000000000000000001000100000
0000000000000000100000000000000000000000001000000000000000000010000100000000000000000000000000000000000000000000000000001000100000
0000000000000000000000000000100000000000001000000000000100100000100101101000010000000100000001000000000000000000000000000000000000
0000000000000000100110000000000000000000001000000000000000000000000100000000000000000000000000010000010010000000000000001000000000
0000000000000000000000000011000000000000001010101100001000001000100101101100010000000100000000000000000000000000000000001000000000
0000010000000000100000000000000000000000001000000000000000000000000100000000000000000000000000000000000000000000000000001000100000
0000010010000000100000000000000000000000011000000000000000000010101100000100100000000001010000010010010010000000000000001000100000
0000010010000100100010000000000010000000001010000100001100000010000100000000010010000000000100010010000000000000000000001000000000
0000010000000000100000000000000000000000001000000000000000000010000100000100100110010000000000000000000000000000000000000000000000
0000000000000000000000000000000000000000000000000000000100100011100101000100000000000000000000000000010010000000000000001000000000
0000000000000000000000000000000000000000011000010000000000000000101100000000000000000000000000010000011111111011111110011000100000
0000000000000000000000000000000000000000010000000000000000000000100100000000000000000000000000000000000010000000000000000000000000
0000000010000100100010100011010100001100000000000000011100001110110101101000111000010110000011000000100110000000000000000000000000
0000010000000000000000000000000000000000000000000000010000000010101100000100000110010001010100010010000110000000000000000000000000
0000000000000000000000000000000000000000000000000000000000000010000100000000000000000000000001000000000110001110000000000000000000
0000000000000000000000000000000000000000010000000000000000000000000000000000000000000000000000000000000000000000000000000000000000
0000000000000001000000111011011100001100000111000111100111101001100101011110011111111101111010111111001110000000000000000000100000
0000000000000000000000000000000000000000000000000000000000000000100100000000000000000000000000000000000100000000000000000000100000
0000000000000000000000000000000000000000110110111101011100001010111101001000000000010110000010010000000100000000001000000000100000
0000000000000000000000000000000000000000000000000000000000000000000000000000000000000000000000000000000000000000000000000000000000
0000000000000000000000000000000000000000000000000000000100000000100101000000000110010001010110010010000100000000001000000000000000
0000000010000100000010000000001000000001010000010010010000000010101100000100000000000001010010010010000000000000001000000000100000
0000000000000000000010010011000100010000000001010111000111100001100001000010010011101000110010000110000000000000000000000000000000
0000000000000000000000000000000000000001010000000000010000000000101100000000000000000000000000000000000000000000000000000000000000
0000000000000000000000000000000000000000000000000000000000000010100100000100000000000000000000000000000000000000000000000000100000
0000000000000000001000010100010010000000000000000000000000000000000100000100000000000000000010000000000100000000000000000000000000
0000000010000000010000000000000000000001010000010000010000000000101100000000000000000000000000000000000000000000000000000000000000
0000000000000000000000000000000000000001010000000010010000011111111111111111111111111010010011111010100010101110000000000000000000
0000000010000100010000000000000000000001010000000000010000000000000100000000000000000000000000000000000000000000000000000000000000
0000000000000000000000000000000000000001000000000000010000100000100100000000000000000001010010010000000000000000000000000000000000
0000000000000000000000000000000000000000000101000101000101100001100101001010110011101000101010010000000000000000000000000000000000
0000000010000000000000000000000000000001000000000000010000100000101100000000000000000000000000000000010000000000000000000000000000
0000000010000000000000000000000000000000101110101101000000100000100100000000000000000000000000000000000000000000000000000000000000
0000000000000000000000000000000000010001000000000000010000100000101100000000000000000000000000000100000000000000000000000010100000
0000000000000000000000000000000011111010111110111110101100011111010111111111010000000000000000000000010100000000000000001010100000
0000000010000000000000000000011010101000101110101100000100010000110101101000000010000010000001000010000000000000000000000000000000
0000000010000001000000000000100000000001000100000000000000100011100101000110010111111000010110000000000000000000000000000000000000
0000000010000000000000000100000010010001000000000000011000100010101100000100010100010000000000000100000000000000100000000000000000
0000000000000000000000000000000000000000000000000000010000100000100000000000000000000000000000000000000000000000000000000000000000
0000000000000000000000000000000000000000000000000010000010100000100100000000010010110000000000000000010100000000000000000000000000
0000000010000000010000000100001010010011000000010010011000100010101101101100000010000010000001000010000001100000000000000000000000
0000000000000000000000000000000000000000000000000000000000000010000100000100010000000000000000000000000000000000000000000000000000
0000000000000000000000000000000010000000000000000000000000100000100100000000010000000000010010000001000000000000000000000000000000
0000000010000000000000000100000010010001000100000111100111100001101101001011010011111000101001101010000000000010000000001010100000
0000000000000000010000100100001010000010000000000000011000100010100101000100010100000000010110000100000000000000000000000000000000
0000000010000000010000000100000010010000000000000000000000100010000100000100010100000000010110000000010100000010001000001010100000
0000000000000000000000000000000000000000000000000000000000000000000100000000010000000000000010000000000000000000001000001010100000
0000000010000000000000000100000010010000000000000000010000000000000100000000010000000000000000000000010100000000000000000000000000
0000000000000000000000000100000000000000000000000000010000100000101101001010010011111000101010000100000000000000100000000000000000
0000000000000000000000000000000010010000000000000000010000100000100101000000010000000000000000000000000000000000000000000010100000
0000000000000000000000000000000010000000000000000000000000000000000000000000000000000000000000000000010100000010000000000000000000
0000000010000000000000000100000010000000000001010010000011000100100101001000010011101000000000000000010100000010000000001000000000
0000000010000000010000000100000010010000000000010000010000100000100101000000000000000000000000000011101011101001000100101010000000
0000000010000000010000000100000010010000000001010000000000100000100101001111010000000000000000000000000000000000100000000000000000
0000000010000000000000000100000000000000000000000000001000100010000100000100000100000000000000000000000000000000000000000000000000
0000000000000000000000000000000010000000000000000010000001000111010101001000000000000110000011111000000000000000100000000000000000
0000000000000000000000000100000010010000000000000000011000100010000101000000000100000100000000000000000000000000100000000010000000
0000000000000000000000000000000000000000000000000000010000100000000101000000000100000000010000001000010100000010000000000000000000
0000000000000000000000000000000000000000000000000000010000100000000101000000000000000000000000001000000000000000000000000010100000
0000000010000000010011101101001001111000111011001100001100010010100101001010000100000100000000001000010000000000000000000010100000
0000000000000000000010000100000010010000000000001010110001000100000101001010000000000100000000001000010100000000000000000010100000
0000000000000000000000000100000010010000000000000000010000100000000101000000000000000000010000001000000000000000000100101100000000
0000000010000000000000000000000000000000000000000000010000100000000101000000000000000100000000001000010100000010000000000010000000
0000000010000000000010000000000010000000000000000000000001000000000101000000000000000100000000000000000000000000000000000000000000
0000000000000000000010000100000010010000000000000000011010100010000101000000000000000100000000001000000000000000000000000000000000
0000000010000000010000111000000010000000100000101000110001000100000101000000000000000100000000001000010000000010000000000000000000
0000000000000000000010000100000010010000000000000000011000100000000100000010000000000100000000001000010100000010000000000010000000
0000000010000000000010000011001010010000101100101111110101000101010100001100000000001101101111010111101011101101010100101100000000
0000000000000000000010000000000010000000000000000000010000100000000101010000000000000000000000001000010100000010001000000000000000
0000000000000000000000000000000000000100101100101111110111001101110101011111111111110110101111011000000000000000000000000000000000
0000000010000000000000000000000000000000000000000000000000100000000100000000000000001000010000000000010100000010000000000000000000
0000000000000001001000111011001000000000100000100101110000100000000001011111110010110100001011000001000001000100000000000000000000
0000000000000000000010000000000000010000000000000000010000100000000101000000000000000000000000000000010100000000000000000000000000
0000000000000000000000000000000000000000000000000000010000101111110100000000000000000000000000000000000000000000001000000000000000
0000000000000000000000000000000000010000000000000000010000000000000000000000000000000000000000000000010100000000000000000000000000
0000000000000000000010110011001000000000101000101101110101000101010100010101100010111000010000000000010100000000000000000000000000
0000000000000000000000000000000000000000000000000000010000000000000001001111110111111110101011011001000100000000000000000000000000
0000000000000000000000000000000000000000000000000000010000000000000000000000000000000000000000000000000000000000000000000000000000
0000000000000000000000000000000000010000000000000000010000000000000000000000000000000000000000000000000000000000000000000000000000
0000000000000000000000000000000000010000000000000000010000000000000000000000000000000000000000000000000000000000000000000000000000
0000000000000000000000000000000000000000000000000000000101000100010100011011110111001110101011011001100000000000000000000000000000
0000000000000000000000000000000000000000000000000000000000000000000000000000000000000000000000000000000000000000000000000000000000
0000000000000000000000000000000000000000000000000000000000000000000000000000000000000000000000000000000000000000000000000000000000
0000000000000000000000000000000000010000100000101000100101000100010100000001000000000010000000000000000000000000000000000000000000
0000000000000000000000000000000000000000000000000000000000000000000000000000000000000000000000000000000000000000000000000000000000
0000000000000000000000000000000000000000000000000000000000000000000000000000000000000000000000000000000000000000000000000000000000
0000000000000000000000000000000000000000000000000000000000000000000000000000000000000000000000000000000000000000000000000000000000
0000000000000000000000000000000000000000000000000000000011000000000000000001000000000010000000001000000000100000000000000000000000
0000000000000000000000000000000000000000000000000000000000000000000000000000000000000000000000000000000000000000000000000000000000
0000000000000000000000000000000000000000000000000000000000000000000000000000000000000000000000000000000000000000000000000000000000
0000000000000000000000000000000000000000000000000000000000000000000000000000000000000000000000000000000000000000000000000000000000
0000000000000000000000000000000000000000000000000000000000000000000000000000000000000000000000000000000000000000000000000000000000
0000000000000000000000000000000000000000000000000000000000000000000000000000000000000000000000000000000000000000000000000000000000
